30 10 4 16 54 4 10 6 18 26 10 6 18 2 38 8 8 26 38 8 8 14 0 8 4 6 52 4 6 26 52 4 6 8 28 2 10 26 28 2 10 8 58 8 2 20 58 8 2 0 40 2 6 2 46 6 2 28 46 6 2 34 40 2 6 4 36 4 2 6 8 4 2 26 6 2 4 28 34 2 4 6 28 2 2 6 34 2 2 8 6 2 2 8 50 2 2 12 2 2 2 22 2 2 2 26 50 2 2 28 8 2 2 28 28 2 2 30 36 2 2 
22 8 6 18 46 26 10 6 28 4 10 4 18 4 34 4 16 18 52 10 6 12 2 12 4 0 40 4 6 10 52 8 2 14 0 8 2 28 50 2 6 32 30 2 6 26 6 2 4 26 48 2 4 2 38 2 2 2 46 2 2 6 8 2 2 6 28 2 2 6 32 2 2 10 4 2 2 16 54 2 2 24 4 2 2 28 8 2 2 
22 10 6 18 46 4 10 6 28 28 10 4 18 28 34 4 16 8 52 10 6 12 2 12 4 32 40 4 6 14 0 8 2 18 52 8 2 2 30 2 6 6 50 2 6 6 8 4 2 8 48 2 4 8 6 2 2 10 4 2 2 18 54 2 2 24 4 2 2 28 8 2 2 28 28 2 2 28 32 2 2 32 38 2 2 32 46 2 2 
19 14 2 16 44 12 46 14 12 6 8 8 18 30 0 6 24 14 58 16 2 12 34 2 10 10 4 4 4 10 26 4 4 26 54 4 4 30 24 4 4 36 2 2 6 10 38 2 4 10 48 2 4 8 6 2 2 8 26 2 2 12 30 2 2 26 46 2 2 26 52 2 2 30 28 2 2 
26 12 4 18 44 6 8 6 30 30 0 4 36 4 42 8 8 30 44 8 8 34 0 2 24 2 26 4 10 34 26 4 10 14 2 16 2 26 52 8 4 8 50 6 4 0 28 2 6 36 2 2 6 38 28 2 6 6 40 4 2 8 6 4 2 12 48 4 2 26 50 4 2 28 56 4 2 38 46 2 4 4 36 2 2 6 50 2 2 10 4 2 2 28 48 2 2 30 42 2 2 34 52 2 2 
27 12 4 20 44 6 8 6 28 32 0 4 24 8 48 10 8 32 30 4 12 14 2 18 2 2 26 4 8 4 46 4 6 26 48 8 2 36 32 2 8 10 56 6 2 32 42 2 6 36 2 2 6 0 28 2 4 6 44 4 2 8 6 4 2 8 46 4 2 10 38 2 4 28 50 4 2 32 24 2 4 38 34 2 4 4 24 2 2 4 34 2 2 6 52 2 2 10 4 2 2 18 48 2 2 30 0 2 2 
19 10 2 16 44 14 46 12 14 4 0 6 24 26 8 8 18 10 54 4 6 26 46 2 12 26 34 2 10 6 24 4 4 26 4 4 4 26 26 4 4 2 2 2 6 28 38 2 4 28 48 2 4 8 28 2 2 12 46 2 2 12 52 2 2 26 30 2 2 30 6 2 2 30 26 2 2 
28 8 4 20 44 28 8 6 28 4 0 4 24 22 48 10 8 2 32 6 8 8 2 18 2 34 26 4 8 32 46 4 6 6 40 2 10 8 48 4 4 2 2 2 6 24 56 6 2 0 34 2 4 4 30 4 2 6 24 2 4 28 4 2 4 28 38 2 4 28 46 4 2 30 44 4 2 38 28 2 4 4 40 2 2 8 0 2 2 12 48 2 2 20 48 2 2 30 6 2 2 32 52 2 2 34 24 2 2 34 34 2 2 
26 10 4 18 44 28 8 6 30 4 0 6 24 2 26 8 10 2 44 8 8 28 42 8 8 34 26 4 10 6 52 8 4 10 2 16 2 26 50 6 4 0 28 2 6 2 2 2 6 38 28 2 6 0 46 2 4 6 24 4 2 8 56 4 2 10 48 2 4 24 48 4 2 28 4 2 4 30 40 4 2 4 52 2 2 8 42 2 2 12 50 2 2 30 6 2 2 32 50 2 2 34 36 2 2 
23 8 0 16 58 2 6 6 18 24 6 6 18 2 32 6 12 24 32 6 12 4 48 4 6 24 48 4 6 0 34 2 8 6 24 2 8 24 24 2 8 30 34 2 8 4 4 4 2 24 2 2 4 4 24 2 2 4 30 2 2 6 2 2 2 6 46 2 2 6 54 2 2 24 46 2 2 24 54 2 2 26 4 2 2 26 24 2 2 26 30 2 2 
19 6 2 18 44 24 4 4 30 14 46 10 8 2 6 4 18 0 36 6 8 28 6 2 18 8 0 16 2 28 28 4 6 4 30 2 6 8 46 6 2 16 54 6 2 24 46 2 6 2 44 4 2 26 34 4 2 2 34 2 2 4 4 2 2 4 24 2 2 24 2 2 2 28 26 2 2 
18 8 2 18 44 4 4 4 30 8 46 10 8 26 6 4 18 26 34 4 12 2 6 2 18 8 0 16 2 0 28 4 6 30 36 2 8 6 46 2 6 10 54 6 2 18 46 6 2 2 34 4 2 26 30 2 4 2 26 2 2 6 2 2 2 26 4 2 2 26 24 2 2 
